0,273
0,270
3,2
3,1
3,3
10,269
10,7
10,133
10,195
10,285
10,169
10,251
10,3
8,5
8,15
8,8
8,4
8,6
8,17
8,14
8,11
8,2
8,3
85,9
85,8
85,7
85,6
85,5
85,4
85,3
85,2
85,1
85,0
84,3
84,2
84,1
84,0
83,3
83,2
83,1
83,0
82,5
82,4
82,3
82,2
82,1
82,0
81,4
81,3
81,2
81,1
81,0
80,4
80,3
80,2
80,1
80,0
79,6
79,5
79,4
79,3
79,2
79,1
79,0
77,3
77,2
77,1
77,0
74,3
74,2
74,1
72,3
72,1
20,3
20,2
20,1
19,3
19,2
19,1
18,3
2,2
2,1
18,1
14,3
14,1
13,3
13,1
12,3
12,2
2,3
12,1
11,30
11,29
11,28
11,27
11,26
11,25
11,24
11,23
11,22
11,21
11,20
11,19
11,18
11,17
11,16
11,15
11,14
11,13
11,12
11,11
11,10
11,9
11,8
11,7
11,6
11,5
